1
2
3
4
5
7
8
9
11
13
15
16
18
19
21
22
25
26
28
29
30
32
34
35
37
38
40
41
42
43
45
46
48
50
52
55
57
58
59
63
66
68
71
75
77
79
83
87
88
89
93
94
95
99
101
105
106
109
110
111
115
116
119
122
123
124
126
127
131
133
135
136
137
138
139
141
142
144
146
147
149
152
153
156
158
162
165
166
167
168
169
172
173
176
178
179
181
182
187
191
192
194
195
197
198
199
203
204
205
207
211
216
217
220
223
231
234
237
238
239
240
244
245
246
247
249
251
256
257
261
263
268
269
270
271
